  -1.1179601e-04   9.9031800e-03   4.3516823e-01
  -2.2295382e-04   1.9697116e-02   8.6628978e-01
  -3.3619783e-04   2.9736781e-02   1.2956000e+00
  -4.4279709e-04   3.9218151e-02   1.7374833e+00
  -5.6724056e-04   5.0126034e-02   2.1594903e+00
  -6.7876307e-04   6.0168296e-02   2.5812170e+00
  -7.8484863e-04   6.9361585e-02   3.0245504e+00
  -8.9067992e-04   7.8549280e-02   3.4736367e+00
  -1.0073035e-03   8.9118764e-02   3.8886946e+00
  -1.1290605e-03   1.0002768e-01   4.3083187e+00
  -1.2456274e-03   1.1045035e-01   4.7446768e+00
  -1.3516054e-03   1.1938317e-01   5.1946247e+00
  -1.4528957e-03   1.2788743e-01   5.6589328e+00
  -1.5852940e-03   1.4010690e-01   6.0591028e+00
  -1.7095816e-03   1.5172620e-01   6.4495018e+00
  -1.8187930e-03   1.6109079e-01   6.8570896e+00
  -1.9091312e-03   1.6945648e-01   7.3096624e+00
  -2.0209968e-03   1.7876328e-01   7.7669900e+00
  -2.1412456e-03   1.8929994e-01   8.1809464e+00
  -2.2526567e-03   1.9951562e-01   8.5864940e+00
  -2.3329318e-03   2.0637326e-01   9.0834977e+00
  -2.4818349e-03   2.1961062e-01   9.5151924e+00
  -2.5874998e-03   2.2905606e-01   9.9204979e+00
  -2.7092559e-03   2.4070747e-01   1.0361937e+01
  -2.8445766e-03   2.5186484e-01   1.0771872e+01
  -2.9170571e-03   2.5840337e-01   1.1229308e+01
  -3.0406049e-03   2.6884336e-01   1.1638781e+01
  -3.1578070e-03   2.7871326e-01   1.2093216e+01
  -3.2239761e-03   2.8507994e-01   1.2508560e+01
  -3.3377811e-03   2.9528919e-01   1.2996119e+01
  -3.5142771e-03   3.1146636e-01   1.3347683e+01
  -3.5583611e-03   3.1599383e-01   1.3801175e+01
  -3.6963726e-03   3.2693796e-01   1.4298040e+01
  -3.8324476e-03   3.3742292e-01   1.4719302e+01
  -3.8838404e-03   3.4354279e-01   1.5128217e+01
  -4.0090787e-03   3.5385149e-01   1.5583284e+01
  -4.1619611e-03   3.6897383e-01   1.5956977e+01
  -4.2910771e-03   3.8045079e-01   1.6346558e+01
  -4.3226859e-03   3.8245020e-01   1.6934978e+01
  -4.5567855e-03   4.0373277e-01   1.7212308e+01
  -4.5953573e-03   4.0537947e-01   1.7732762e+01
  -4.7689011e-03   4.2210665e-01   1.8115166e+01
  -4.7982273e-03   4.2452446e-01   1.8604523e+01
  -4.9096960e-03   4.3371373e-01   1.9064101e+01
  -5.0399437e-03   4.4605659e-01   1.9483453e+01
  -5.1406946e-03   4.5226135e-01   2.0051070e+01
  -5.2983037e-03   4.7005640e-01   2.0241729e+01
  -5.4520658e-03   4.8272256e-01   2.0642931e+01
  -5.4666182e-03   4.8403894e-01   2.1133969e+01
  -5.5700428e-03   4.9131676e-01   2.1665036e+01
  -5.6789212e-03   5.0203563e-01   2.2114578e+01
  -5.7925609e-03   5.1367820e-01   2.2516395e+01
  -5.9435702e-03   5.2306851e-01   2.2969908e+01
  -6.0391613e-03   5.3237357e-01   2.3365582e+01
  -6.1570501e-03   5.4166976e-01   2.3906958e+01
  -6.2591954e-03   5.5474065e-01   2.4147812e+01
  -6.3639367e-03   5.6466370e-01   2.4631278e+01
  -6.5140472e-03   5.7632848e-01   2.5079347e+01
  -6.5386008e-03   5.7906840e-01   2.5560155e+01
  -6.7029894e-03   5.9215763e-01   2.5957401e+01
  -6.9407966e-03   6.1482981e-01   2.6235041e+01
  -6.9508422e-03   6.1438449e-01   2.6868161e+01
  -7.1042089e-03   6.2885651e-01   2.7181629e+01
  -7.2361693e-03   6.3909559e-01   2.7594499e+01
  -7.3481991e-03   6.5139018e-01   2.7948825e+01
  -7.4081091e-03   6.5576394e-01   2.8506813e+01
  -7.4566561e-03   6.5871714e-01   2.9030126e+01
  -7.5687620e-03   6.7187474e-01   2.9368938e+01
  -7.6687431e-03   6.7611336e-01   2.9937897e+01
  -7.8137125e-03   6.9241594e-01   3.0189164e+01
  -7.9813141e-03   7.0569059e-01   3.0689244e+01
  -8.0996823e-03   7.1985763e-01   3.1010138e+01
  -8.2440521e-03   7.3060190e-01   3.1470435e+01
  -8.3545513e-03   7.3829685e-01   3.1941553e+01
  -8.3731518e-03   7.4047501e-01   3.2490508e+01
  -8.5475714e-03   7.5332784e-01   3.2907998e+01
  -8.6747963e-03   7.6442653e-01   3.3353485e+01
  -8.8043674e-03   7.7622852e-01   3.3655935e+01
  -8.8155745e-03   7.7798657e-01   3.4167875e+01
  -8.9504114e-03   7.9447066e-01   3.4522201e+01
  -9.0965838e-03   8.0402530e-01   3.4911098e+01
  -9.2850396e-03   8.1955536e-01   3.5379470e+01
  -9.1888577e-03   8.1370956e-01   3.6000452e+01
  -9.3942739e-03   8.3021120e-01   3.6320241e+01
  -9.5204369e-03   8.4315242e-01   3.6759695e+01
  -9.6081843e-03   8.4920045e-01   3.7187264e+01
  -9.8628047e-03   8.7719172e-01   3.7274297e+01
  -9.9808287e-03   8.8245292e-01   3.7823269e+01
  -1.0019024e-02   8.8742572e-01   3.8429706e+01
  -1.0243417e-02   9.0572999e-01   3.8805052e+01
  -1.0231698e-02   9.0744644e-01   3.9203263e+01
  -1.0307698e-02   9.1262678e-01   3.9839751e+01
  -1.0425809e-02   9.2001269e-01   4.0277559e+01
  -1.0551448e-02   9.3237869e-01   4.0548059e+01
  -1.0587021e-02   9.3235595e-01   4.1203571e+01
  -1.0912199e-02   9.6543861e-01   4.1279169e+01
  -1.0950026e-02   9.6582934e-01   4.1731218e+01
  -1.0913402e-02   9.6566323e-01   4.2322786e+01
  -1.1144220e-02   9.8363971e-01   4.2649330e+01
  -1.1114353e-02   9.7748146e-01   4.3562802e+01
