  -6.5841668e-07   8.3843841e-05  -3.8973100e-03   7.9836795e-02   1.1507991e-01
  -1.1760108e-06   1.5252016e-04  -7.2700020e-03   1.5367365e-01   2.4622744e-01
  -1.9694547e-06   2.5082695e-04  -1.1708208e-02   2.4150213e-01   3.2864751e-01
  -2.1887774e-06   2.8709128e-04  -1.3899194e-02   2.9913544e-01   5.1449459e-01
  -3.2389897e-06   4.1218749e-04  -1.9267723e-02   3.9891934e-01   5.5680333e-01
  -3.9863930e-06   5.0156077e-04  -2.3156612e-02   4.7498377e-01   6.9843490e-01
  -4.4253893e-06   5.6716054e-04  -2.6707524e-02   5.5667510e-01   7.7855400e-01
  -5.2329310e-06   6.5978752e-04  -3.0573971e-02   6.3025191e-01   9.2892335e-01
  -5.7941016e-06   7.3878714e-04  -3.4539126e-02   7.1381248e-01   1.0414181e+00
  -6.6448790e-06   8.3598747e-04  -3.8692055e-02   7.9600619e-01   1.1331759e+00
  -7.1075496e-06   9.0592086e-04  -4.2333567e-02   8.7483161e-01   1.2574074e+00
  -8.0807942e-06   1.0205322e-03  -4.7207690e-02   9.6382453e-01   1.3839706e+00
  -8.7339419e-06   1.1038035e-03  -5.1100803e-02   1.0466673e+00   1.4307211e+00
  -8.9516982e-06   1.1312556e-03  -5.2801050e-02   1.0992638e+00   1.6236848e+00
  -8.9818856e-06   1.1559889e-03  -5.4806351e-02   1.1547146e+00   1.8134909e+00
  -1.0638569e-05   1.3412916e-03  -6.2052569e-02   1.2725028e+00   1.8639655e+00
  -1.1762200e-05   1.4567895e-03  -6.6396999e-02   1.3513880e+00   1.9590427e+00
  -1.1137491e-05   1.4318235e-03  -6.7701315e-02   1.4160527e+00   2.0903028e+00
  -1.1818962e-05   1.5125886e-03  -7.1142946e-02   1.4835193e+00   2.2687759e+00
  -1.3287005e-05   1.6773341e-03  -7.7810096e-02   1.6008285e+00   2.2484832e+00
  -1.3353276e-05   1.6983607e-03  -7.9459956e-02   1.6513184e+00   2.4636147e+00
  -1.3427643e-05   1.7325377e-03  -8.1986244e-02   1.7159695e+00   2.6373879e+00
  -1.5145528e-05   1.9153927e-03  -8.8899823e-02   1.8298921e+00   2.6498271e+00
  -1.5756797e-05   1.9993202e-03  -9.3128092e-02   1.9223234e+00   2.6511760e+00
  -1.5431729e-05   1.9780067e-03  -9.3284915e-02   1.9493169e+00   2.9789054e+00
  -1.5171736e-05   1.9743538e-03  -9.4575754e-02   2.0040434e+00   3.1716405e+00
  -1.6804262e-05   2.1574792e-03  -1.0183474e-01   2.1255211e+00   3.1488301e+00
  -1.8864047e-05   2.3743750e-03  -1.0948319e-01   2.2360956e+00   3.2360601e+00
  -1.8709688e-05   2.3781476e-03  -1.1110171e-01   2.2976379e+00   3.3859155e+00
  -1.9900898e-05   2.5251269e-03  -1.1733977e-01   2.4092183e+00   3.3239752e+00
  -2.0364929e-05   2.5705062e-03  -1.1911156e-01   2.4510552e+00   3.6249359e+00
  -1.9087118e-05   2.4862292e-03  -1.1878609e-01   2.5014569e+00   3.7816800e+00
  -2.1707315e-05   2.7462662e-03  -1.2744050e-01   2.6207742e+00   3.7967989e+00
  -2.0969144e-05   2.6899738e-03  -1.2689166e-01   2.6529184e+00   4.0656559e+00
  -2.3160986e-05   2.9262323e-03  -1.3565853e-01   2.7894074e+00   4.0063385e+00
  -2.2230949e-05   2.8467917e-03  -1.3426897e-01   2.8116272e+00   4.2410509e+00
  -2.4264657e-05   3.0668620e-03  -1.4246981e-01   2.9382448e+00   4.2389142e+00
  -2.3670259e-05   3.0345656e-03  -1.4288533e-01   2.9811941e+00   4.4678144e+00
  -2.4600251e-05   3.1554759e-03  -1.4847022e-01   3.0886995e+00   4.4687735e+00
  -2.5206389e-05   3.2246420e-03  -1.5129665e-01   3.1459136e+00   4.6847254e+00
  -2.6013717e-05   3.3222773e-03  -1.5582842e-01   3.2362968e+00   4.7830029e+00
  -2.7988154e-05   3.5317060e-03  -1.6336798e-01   3.3480481e+00   4.7761699e+00
  -2.8007951e-05   3.5402913e-03  -1.6445739e-01   3.3936314e+00   5.0272751e+00
  -2.7747197e-05   3.5407604e-03  -1.6618572e-01   3.4614482e+00   5.0694626e+00
  -2.7886385e-05   3.5764737e-03  -1.6881703e-01   3.5327216e+00   5.2250021e+00
  -2.9791486e-05   3.7912545e-03  -1.7709788e-01   3.6648720e+00   5.1796855e+00
  -3.0284847e-05   3.8459261e-03  -1.7927204e-01   3.7068802e+00   5.5077881e+00
  -2.9241537e-05   3.7519767e-03  -1.7738616e-01   3.7240967e+00   5.7614551e+00
  -3.2105003e-05   4.1096784e-03  -1.9194236e-01   3.9451065e+00   5.5234302e+00
  -3.3342777e-05   4.1983814e-03  -1.9416234e-01   3.9866787e+00   5.6510309e+00
