  -8.0390514e-07   9.9966463e-05  -4.4858096e-03   8.5332133e-02   1.9218961e-01
  -1.4803920e-06   1.8709684e-04  -8.5409865e-03   1.6508101e-01   4.0931157e-01
  -2.3216497e-06   2.8799111e-04  -1.2902692e-02   2.4574336e-01   6.3873443e-01
  -3.0403012e-06   3.8106046e-04  -1.7222881e-02   3.2970216e-01   8.3941803e-01
  -3.7489086e-06   4.6960861e-04  -2.1275357e-02   4.0885923e-01   1.0622543e+00
  -4.7323126e-06   5.8870308e-04  -2.6426924e-02   5.0305262e-01   1.2049846e+00
  -5.4936880e-06   6.7992016e-04  -3.0416428e-02   5.7812099e-01   1.4668766e+00
  -6.1339900e-06   7.6199741e-04  -3.4204742e-02   6.5275091e-01   1.7133362e+00
  -6.7972759e-06   8.5210613e-04  -3.8600162e-02   7.4196089e-01   1.8587230e+00
  -7.5019907e-06   9.4272800e-04  -4.2754239e-02   8.2146125e-01   2.0854682e+00
  -8.6991020e-06   1.0833764e-03  -4.8598474e-02   9.2241253e-01   2.2422267e+00
  -9.2697422e-06   1.1612183e-03  -5.2533200e-02   1.0060989e+00   2.4043082e+00
  -1.0310302e-05   1.2776051e-03  -5.7043778e-02   1.0808510e+00   2.7007928e+00
  -1.1223617e-05   1.3834516e-03  -6.1555917e-02   1.1643942e+00   2.9060490e+00
  -1.1824379e-05   1.4667864e-03  -6.5691239e-02   1.2496411e+00   3.0721453e+00
  -1.2088985e-05   1.5133066e-03  -6.8464504e-02   1.3141268e+00   3.3514641e+00
  -1.2701391e-05   1.5974846e-03  -7.2510848e-02   1.3940707e+00   3.5872151e+00
  -1.3701613e-05   1.7135422e-03  -7.7319196e-02   1.4791376e+00   3.7968577e+00
  -1.5429617e-05   1.9123254e-03  -8.5292966e-02   1.6083753e+00   3.8657693e+00
  -1.6433679e-05   2.0202043e-03  -8.9550578e-02   1.6850179e+00   4.0771764e+00
  -1.6014235e-05   2.0038700e-03  -9.0565806e-02   1.7360481e+00   4.3363259e+00
  -1.7442041e-05   2.1592868e-03  -9.6652380e-02   1.8405323e+00   4.4555333e+00
  -1.7898066e-05   2.2212367e-03  -9.9710173e-02   1.9023468e+00   4.7662302e+00
  -1.8129394e-05   2.2713559e-03  -1.0282400e-01   1.9740494e+00   5.0076685e+00
  -1.9465000e-05   2.4115214e-03  -1.0798604e-01   2.0565961e+00   5.2608635e+00
  -1.9412132e-05   2.4493624e-03  -1.1154810e-01   2.1494336e+00   5.3482014e+00
  -2.0430822e-05   2.5555615e-03  -1.1550301e-01   2.2163870e+00   5.6639286e+00
  -2.1730841e-05   2.7130015e-03  -1.2221574e-01   2.3342698e+00   5.6739861e+00
  -2.2851866e-05   2.8343745e-03  -1.2679703e-01   2.4070413e+00   6.0165364e+00
  -2.2903181e-05   2.8597859e-03  -1.2889712e-01   2.4644259e+00   6.3259906e+00
  -2.4429453e-05   3.0356484e-03  -1.3614628e-01   2.5899165e+00   6.3354625e+00
  -2.4913127e-05   3.1003014e-03  -1.3939902e-01   2.6614631e+00   6.5408024e+00
  -2.6891550e-05   3.3180982e-03  -1.4768965e-01   2.7879096e+00   6.6838317e+00
  -2.6730302e-05   3.3209391e-03  -1.4883112e-01   2.8259417e+00   7.0986884e+00
  -2.6514621e-05   3.3292314e-03  -1.5101929e-01   2.9029113e+00   7.1731364e+00
  -2.7446493e-05   3.4380097e-03  -1.5562340e-01   2.9872465e+00   7.3405138e+00
  -2.7896074e-05   3.4922526e-03  -1.5795661e-01   3.0318071e+00   7.7653513e+00
  -3.0196337e-05   3.7395178e-03  -1.6708850e-01   3.1694456e+00   7.7661015e+00
  -3.0258812e-05   3.7785422e-03  -1.7031161e-01   3.2540929e+00   7.9528498e+00
  -3.0941647e-05   3.8556798e-03  -1.7334961e-01   3.3065841e+00   8.2520690e+00
  -3.2750683e-05   4.0481806e-03  -1.8070184e-01   3.4257054e+00   8.4170232e+00
  -3.3361698e-05   4.1163572e-03  -1.8360995e-01   3.4872737e+00   8.6127090e+00
  -3.4782755e-05   4.2979892e-03  -1.9145627e-01   3.6191523e+00   8.6980894e+00
  -3.3167447e-05   4.1467197e-03  -1.8741027e-01   3.5973603e+00   9.2544553e+00
  -3.6016414e-05   4.4564141e-03  -1.9897132e-01   3.7689164e+00   9.2174293e+00
  -3.3601610e-05   4.2440484e-03  -1.9364321e-01   3.7468578e+00   9.6852417e+00
  -3.7716755e-05   4.6611047e-03  -2.0785701e-01   3.9358505e+00   9.6005148e+00
  -3.7370544e-05   4.6268978e-03  -2.0728994e-01   3.9543202e+00   9.9992433e+00
  -3.8149077e-05   4.7420185e-03  -2.1293893e-01   4.0610497e+00   1.0173985e+01
  -3.7513271e-05   4.7150180e-03  -2.1384036e-01   4.1082774e+00   1.0461086e+01
