  -6.3359100e-07   8.2189828e-05  -3.8939535e-03   7.9900024e-02   1.3848158e-01
  -1.3831598e-06   1.7569564e-04  -8.1198386e-03   1.6251330e-01   2.7901437e-01
  -2.0344320e-06   2.5758349e-04  -1.1935653e-02   2.4103559e-01   4.1702738e-01
  -2.6025506e-06   3.3098504e-04  -1.5422301e-02   3.1353083e-01   5.9865053e-01
  -3.6487630e-06   4.5649492e-04  -2.0795997e-02   4.1176488e-01   6.7198040e-01
  -4.1820536e-06   5.2609575e-04  -2.4154428e-02   4.8340707e-01   8.4482204e-01
  -4.7914081e-06   6.0634201e-04  -2.8039096e-02   5.6416512e-01   9.8151013e-01
  -5.3648214e-06   6.8309609e-04  -3.1770345e-02   6.4223742e-01   1.1259044e+00
  -6.5012286e-06   8.1585605e-04  -3.7344856e-02   7.4285447e-01   1.2017323e+00
  -7.4851471e-06   9.2349847e-04  -4.1639657e-02   8.2053495e-01   1.3574809e+00
  -7.6591377e-06   9.6828370e-04  -4.4632691e-02   8.9319977e-01   1.5297054e+00
  -8.1128849e-06   1.0315674e-03  -4.7898430e-02   9.6621170e-01   1.6789708e+00
  -8.7986625e-06   1.1198362e-03  -5.2015130e-02   1.0499094e+00   1.7916146e+00
  -9.2980780e-06   1.1832301e-03  -5.5119178e-02   1.1182772e+00   1.9760175e+00
  -1.0074840e-05   1.2820714e-03  -5.9608474e-02   1.2051579e+00   2.0987725e+00
  -1.0669154e-05   1.3571659e-03  -6.3095212e-02   1.2768454e+00   2.2737578e+00
  -1.1842361e-05   1.4940433e-03  -6.8685021e-02   1.3724797e+00   2.4054141e+00
  -1.2122797e-05   1.5375930e-03  -7.1307825e-02   1.4406139e+00   2.5373354e+00
  -1.3670987e-05   1.7153601e-03  -7.8448578e-02   1.5595077e+00   2.5881854e+00
  -1.4012494e-05   1.7601387e-03  -8.0848315e-02   1.6196235e+00   2.7672311e+00
  -1.3991054e-05   1.7888684e-03  -8.3410428e-02   1.6867665e+00   2.9463257e+00
  -1.5551791e-05   1.9654975e-03  -9.0458008e-02   1.8061941e+00   2.9260130e+00
  -1.6533659e-05   2.0816829e-03  -9.5382441e-02   1.8942626e+00   3.1187921e+00
  -1.7430523e-05   2.1832328e-03  -9.9643867e-02   1.9764634e+00   3.2226103e+00
  -1.7157663e-05   2.1579355e-03  -9.9396252e-02   1.9999399e+00   3.5445017e+00
  -1.8054662e-05   2.2855922e-03  -1.0564138e-01   2.1210687e+00   3.5413909e+00
  -1.8087075e-05   2.3076868e-03  -1.0736418e-01   2.1675699e+00   3.8090795e+00
  -1.9059452e-05   2.4157375e-03  -1.1183768e-01   2.2524875e+00   3.9237193e+00
  -2.0566787e-05   2.5813973e-03  -1.1821940e-01   2.3564872e+00   4.0252441e+00
  -2.0927839e-05   2.6339008e-03  -1.2114197e-01   2.4273608e+00   4.1466813e+00
  -2.0973881e-05   2.6701817e-03  -1.2406725e-01   2.5012530e+00   4.3050868e+00
  -2.2620326e-05   2.8352146e-03  -1.3002123e-01   2.6000116e+00   4.4112552e+00
  -2.3185662e-05   2.9319931e-03  -1.3515994e-01   2.7012174e+00   4.4665503e+00
  -2.3985841e-05   3.0063827e-03  -1.3780592e-01   2.7557441e+00   4.6793944e+00
  -2.3496014e-05   2.9977298e-03  -1.3945725e-01   2.8146717e+00   4.9374655e+00
  -2.4925790e-05   3.1508067e-03  -1.4546551e-01   2.9216984e+00   4.9252775e+00
  -2.5258100e-05   3.1933043e-03  -1.4780867e-01   2.9807164e+00   5.1542510e+00
  -2.6375795e-05   3.3286987e-03  -1.5337990e-01   3.0760347e+00   5.2651399e+00
  -2.8241012e-05   3.5267613e-03  -1.6089020e-01   3.1986867e+00   5.2721068e+00
  -2.8921650e-05   3.6054845e-03  -1.6440578e-01   3.2722509e+00   5.4299988e+00
  -2.7765150e-05   3.5385828e-03  -1.6460766e-01   3.3255959e+00   5.5356527e+00
  -2.8079716e-05   3.5823389e-03  -1.6667331e-01   3.3647685e+00   5.9971348e+00
  -2.9850379e-05   3.7771325e-03  -1.7412205e-01   3.4867032e+00   5.9381637e+00
  -2.9550685e-05   3.7396853e-03  -1.7347202e-01   3.5107334e+00   6.2433390e+00
  -3.0877870e-05   3.9139623e-03  -1.8109200e-01   3.6416915e+00   6.2425603e+00
  -3.0856778e-05   3.9289797e-03  -1.8269377e-01   3.6962662e+00   6.4216662e+00
  -3.2024042e-05   4.0682312e-03  -1.8860454e-01   3.8003703e+00   6.4823916e+00
  -3.3158727e-05   4.1741930e-03  -1.9230597e-01   3.8659551e+00   6.6727241e+00
  -3.3485668e-05   4.2481471e-03  -1.9672052e-01   3.9597655e+00   6.8165845e+00
  -3.4799148e-05   4.3781700e-03  -2.0131871e-01   4.0354521e+00   6.9776756e+00
