  -4.1401108e-07   5.5600694e-05  -2.8209434e-03   6.6207036e-02   5.4622205e-02
  -8.6151218e-07   1.1325053e-04  -5.6559217e-03   1.3184145e-01   1.1228041e-01
  -1.2510696e-06   1.6851818e-04  -8.5576435e-03   2.0022092e-01   1.5664440e-01
  -1.7375222e-06   2.2760783e-04  -1.1340070e-02   2.6346588e-01   2.3605347e-01
  -2.1002098e-06   2.7946057e-04  -1.4064467e-02   3.2860226e-01   2.9089501e-01
  -2.6512503e-06   3.4899383e-04  -1.7366382e-02   4.0123988e-01   3.2269917e-01
  -2.7603623e-06   3.7888995e-04  -1.9588512e-02   4.6494562e-01   3.5765280e-01
  -3.5170031e-06   4.6395303e-04  -2.3081487e-02   5.3278323e-01   4.4218716e-01
  -3.6912217e-06   4.9919264e-04  -2.5464104e-02   5.9887046e-01   4.7440814e-01
  -4.3545802e-06   5.7862619e-04  -2.8961044e-02   6.7025322e-01   5.2360942e-01
  -5.1608196e-06   6.6948111e-04  -3.2783107e-02   7.4646240e-01   5.4823104e-01
  -5.5472069e-06   7.2293886e-04  -3.5600973e-02   8.1459438e-01   5.8858804e-01
  -5.9183580e-06   7.7834116e-04  -3.8509093e-02   8.8098150e-01   6.5749512e-01
  -6.1743691e-06   8.1195541e-04  -4.0432936e-02   9.3645643e-01   7.1433494e-01
  -6.6495549e-06   8.7666317e-04  -4.3663022e-02   1.0081535e+00   7.7282060e-01
  -6.9197245e-06   9.1527101e-04  -4.5759385e-02   1.0619820e+00   8.7413482e-01
  -7.3423997e-06   9.6874822e-04  -4.8489377e-02   1.1289583e+00   9.1810946e-01
  -7.4686204e-06   1.0015200e-03  -5.0753552e-02   1.1907607e+00   9.5735605e-01
  -8.1435742e-06   1.0849918e-03  -5.4533359e-02   1.2685605e+00   9.8624642e-01
  -8.1982999e-06   1.1074147e-03  -5.6468754e-02   1.3280301e+00   1.0612575e+00
  -9.2198806e-06   1.2103426e-03  -6.0216997e-02   1.3955455e+00   1.1500279e+00
  -9.5529359e-06   1.2672399e-03  -6.3455591e-02   1.4708192e+00   1.1547043e+00
  -9.7728981e-06   1.3025366e-03  -6.5601804e-02   1.5297866e+00   1.2357373e+00
  -1.0815161e-05   1.4078149e-03  -6.9532995e-02   1.6022596e+00   1.3011450e+00
  -1.1182663e-05   1.4689496e-03  -7.2903490e-02   1.6795113e+00   1.3005204e+00
  -1.2160488e-05   1.5828881e-03  -7.7623640e-02   1.7664223e+00   1.3132187e+00
  -1.1871827e-05   1.5573798e-03  -7.7544689e-02   1.7993012e+00   1.4361202e+00
  -1.1601055e-05   1.5628479e-03  -7.9360021e-02   1.8609869e+00   1.4661970e+00
  -1.3285175e-05   1.7324163e-03  -8.5363854e-02   1.9550255e+00   1.4748755e+00
  -1.3649904e-05   1.7822543e-03  -8.8091393e-02   2.0253798e+00   1.4861466e+00
  -1.3757407e-05   1.8142991e-03  -9.0289411e-02   2.0813563e+00   1.6428008e+00
  -1.4321310e-05   1.8863828e-03  -9.3679242e-02   2.1551303e+00   1.6317353e+00
  -1.4447559e-05   1.9139341e-03  -9.5771040e-02   2.2180661e+00   1.6931198e+00
  -1.5034727e-05   1.9724220e-03  -9.7930908e-02   2.2638602e+00   1.8302032e+00
  -1.4934767e-05   1.9876867e-03  -9.9975560e-02   2.3294501e+00   1.8717776e+00
  -1.5275335e-05   2.0283435e-03  -1.0201459e-01   2.3828885e+00   1.9334521e+00
  -1.5258335e-05   2.0455099e-03  -1.0400981e-01   2.4496952e+00   1.9318017e+00
  -1.6995552e-05   2.2243590e-03  -1.1019167e-01   2.5410726e+00   1.9965987e+00
  -1.7203586e-05   2.2697789e-03  -1.1313085e-01   2.6152435e+00   2.0114184e+00
  -1.7526125e-05   2.3230358e-03  -1.1613812e-01   2.6870210e+00   2.0529759e+00
  -1.7768401e-05   2.3528666e-03  -1.1782606e-01   2.7359994e+00   2.1683768e+00
  -1.7583820e-05   2.3672531e-03  -1.2006463e-01   2.8063185e+00   2.1557377e+00
  -2.0038093e-05   2.6067954e-03  -1.2799870e-01   2.9184018e+00   2.1553572e+00
  -1.9182793e-05   2.5203602e-03  -1.2548371e-01   2.9118865e+00   2.3848729e+00
  -1.9208545e-05   2.5766826e-03  -1.3013839e-01   3.0270745e+00   2.2738260e+00
  -2.0497894e-05   2.7034036e-03  -1.3439639e-01   3.0941465e+00   2.3932206e+00
  -1.8750710e-05   2.5404951e-03  -1.3019792e-01   3.0847819e+00   2.6057998e+00
  -1.9885562e-05   2.6577077e-03  -1.3459265e-01   3.1637761e+00   2.5961641e+00
  -2.1338529e-05   2.8326770e-03  -1.4182015e-01   3.2850252e+00   2.5494451e+00
  -2.0495142e-05   2.7666596e-03  -1.4081725e-01   3.3075702e+00   2.7545799e+00
