  -7.6842613e-07   9.5617485e-05  -4.2968601e-03   8.2923128e-02   1.8599030e-01
  -1.4125344e-06   1.7888296e-04  -8.2123648e-03   1.6198326e-01   3.8462160e-01
  -2.2448281e-06   2.8165293e-04  -1.2797185e-02   2.5021572e-01   5.2951028e-01
  -2.9551611e-06   3.6687595e-04  -1.6539191e-02   3.2306227e-01   7.4937076e-01
  -3.6818165e-06   4.6097446e-04  -2.0929579e-02   4.0997750e-01   9.1634300e-01
  -4.6251988e-06   5.7554541e-04  -2.5952022e-02   5.0460274e-01   1.0401619e+00
  -5.2315004e-06   6.5707988e-04  -2.9902127e-02   5.8455274e-01   1.2632570e+00
  -6.2212811e-06   7.7100179e-04  -3.4611666e-02   6.6934276e-01   1.4495295e+00
  -6.9175779e-06   8.6266152e-04  -3.9001243e-02   7.5982389e-01   1.5444068e+00
  -7.0688988e-06   8.9472745e-04  -4.1094815e-02   8.1306640e-01   1.8677364e+00
  -8.3936720e-06   1.0440924e-03  -4.7019655e-02   9.1338876e-01   1.9827997e+00
  -8.7377122e-06   1.1044954e-03  -5.0577667e-02   9.9537344e-01   2.1473628e+00
  -9.2701187e-06   1.1835206e-03  -5.4626012e-02   1.0803692e+00   2.3125360e+00
  -1.0587794e-05   1.3254821e-03  -6.0061521e-02   1.1716344e+00   2.4746917e+00
  -1.0419327e-05   1.3243532e-03  -6.1151113e-02   1.2168525e+00   2.7749646e+00
  -1.1810607e-05   1.4771627e-03  -6.7003757e-02   1.3114488e+00   2.9507666e+00
  -1.2346442e-05   1.5490650e-03  -7.0661012e-02   1.3940745e+00   3.0740261e+00
  -1.3595898e-05   1.7021881e-03  -7.7030312e-02   1.5002070e+00   3.1953860e+00
  -1.4146256e-05   1.7672636e-03  -8.0164251e-02   1.5708145e+00   3.4193876e+00
  -1.5355390e-05   1.9156100e-03  -8.6456767e-02   1.6783388e+00   3.5458724e+00
  -1.5532855e-05   1.9513336e-03  -8.8860124e-02   1.7433205e+00   3.7417900e+00
  -1.6628888e-05   2.0786331e-03  -9.4114595e-02   1.8369521e+00   3.8763308e+00
  -1.7561752e-05   2.1897901e-03  -9.8784099e-02   1.9188836e+00   4.1262463e+00
  -1.7680972e-05   2.2299978e-03  -1.0176861e-01   1.9957066e+00   4.2610969e+00
  -1.9119559e-05   2.3840458e-03  -1.0767008e-01   2.0972128e+00   4.3844373e+00
  -2.0034328e-05   2.4926307e-03  -1.1208314e-01   2.1706137e+00   4.6732649e+00
  -1.9922664e-05   2.4929075e-03  -1.1312174e-01   2.2142517e+00   4.9954102e+00
  -2.1330597e-05   2.6656222e-03  -1.2070196e-01   2.3508465e+00   4.9135060e+00
  -2.1626636e-05   2.6968465e-03  -1.2212377e-01   2.3878140e+00   5.3033026e+00
  -2.2843005e-05   2.8698047e-03  -1.3033359e-01   2.5382428e+00   5.2349814e+00
  -2.1319074e-05   2.7138023e-03  -1.2554810e-01   2.5059745e+00   5.7110931e+00
  -2.4592119e-05   3.0629806e-03  -1.3810592e-01   2.6842926e+00   5.5998632e+00
  -2.3826090e-05   2.9915664e-03  -1.3661092e-01   2.6916461e+00   6.1392211e+00
  -2.5863527e-05   3.2263844e-03  -1.4582758e-01   2.8408089e+00   6.0340799e+00
  -2.6102826e-05   3.2566453e-03  -1.4739241e-01   2.8826002e+00   6.3959367e+00
  -2.6014662e-05   3.2773818e-03  -1.4974038e-01   2.9451437e+00   6.6716319e+00
  -2.8437143e-05   3.5444108e-03  -1.6002765e-01   3.1088935e+00   6.5351502e+00
  -2.8009166e-05   3.5091632e-03  -1.5930469e-01   3.1183340e+00   6.9992188e+00
  -3.1031197e-05   3.8224630e-03  -1.7024552e-01   3.2717900e+00   6.9686621e+00
  -3.0645537e-05   3.8306807e-03  -1.7312325e-01   3.3635060e+00   7.0789159e+00
  -2.9560365e-05   3.7300188e-03  -1.7064356e-01   3.3624201e+00   7.5431396e+00
  -2.8844458e-05   3.6871743e-03  -1.7106527e-01   3.4142373e+00   7.6647431e+00
  -3.3241471e-05   4.1420186e-03  -1.8676029e-01   3.6213873e+00   7.6082506e+00
  -3.3893510e-05   4.2387048e-03  -1.9194420e-01   3.7355796e+00   7.5151253e+00
  -3.4756359e-05   4.3324076e-03  -1.9575908e-01   3.8065622e+00   7.7873714e+00
  -3.4442184e-05   4.3138377e-03  -1.9595025e-01   3.8384111e+00   8.1127314e+00
  -3.3565132e-05   4.2610508e-03  -1.9591139e-01   3.8732885e+00   8.4943530e+00
  -3.6170516e-05   4.5084915e-03  -2.0385054e-01   3.9815403e+00   8.5561011e+00
  -3.6841445e-05   4.6015419e-03  -2.0817404e-01   4.0607926e+00   8.8956150e+00
  -3.6931033e-05   4.6249530e-03  -2.1004753e-01   4.1123362e+00   9.1968919e+00
