  -5.4394730e-07   7.1617734e-05  -3.4952271e-03   7.3971775e-02   1.0273861e-01
  -1.0822068e-06   1.4167870e-04  -6.9022365e-03   1.4643663e-01   2.1080561e-01
  -1.7924618e-06   2.2928273e-04  -1.0878954e-02   2.2533478e-01   3.0005261e-01
  -2.6603728e-06   3.3705415e-04  -1.5688532e-02   3.1585590e-01   3.5542299e-01
  -3.1028705e-06   3.9501064e-04  -1.8607602e-02   3.8141125e-01   4.8405918e-01
  -3.6352370e-06   4.6744747e-04  -2.2196332e-02   4.5777696e-01   5.7673907e-01
  -4.2748302e-06   5.4863828e-04  -2.6020311e-02   5.3552553e-01   6.6707838e-01
  -4.7637996e-06   6.1723140e-04  -2.9498086e-02   6.0998916e-01   7.7118575e-01
  -5.2111713e-06   6.7887816e-04  -3.2697980e-02   6.8276825e-01   8.5691294e-01
  -6.0030441e-06   7.7504582e-04  -3.6904733e-02   7.6185707e-01   9.6468675e-01
  -6.3591870e-06   8.2573751e-04  -3.9648456e-02   8.2633970e-01   1.0990206e+00
  -6.9993154e-06   9.0399594e-04  -4.3305983e-02   9.0318562e-01   1.1951567e+00
  -7.9319024e-06   1.0165429e-03  -4.8145830e-02   9.9137709e-01   1.2480416e+00
  -8.3650050e-06   1.0822456e-03  -5.1554500e-02   1.0627250e+00   1.3844190e+00
  -8.8963287e-06   1.1462666e-03  -5.4662775e-02   1.1336325e+00   1.4744747e+00
  -9.4118185e-06   1.2162957e-03  -5.8158772e-02   1.2074549e+00   1.5747016e+00
  -9.9676209e-06   1.2944285e-03  -6.2025758e-02   1.2868917e+00   1.6539946e+00
  -1.0882184e-05   1.4044560e-03  -6.6832435e-02   1.3768556e+00   1.7193290e+00
  -1.0944812e-05   1.4137009e-03  -6.7931207e-02   1.4236422e+00   1.8531475e+00
  -1.1624665e-05   1.5060717e-03  -7.2205313e-02   1.5040295e+00   1.9829753e+00
  -1.3195252e-05   1.6803633e-03  -7.9065154e-02   1.6166721e+00   1.9741030e+00
  -1.2904302e-05   1.6709533e-03  -8.0056835e-02   1.6657466e+00   2.1201384e+00
  -1.3770633e-05   1.7760461e-03  -8.4624546e-02   1.7506227e+00   2.2194187e+00
  -1.4310074e-05   1.8356168e-03  -8.7371290e-02   1.8140073e+00   2.3181213e+00
  -1.5691598e-05   2.0042383e-03  -9.4497255e-02   1.9341399e+00   2.3241834e+00
  -1.5665645e-05   2.0152123e-03  -9.5811051e-02   1.9792620e+00   2.4942818e+00
  -1.6694996e-05   2.1345771e-03  -1.0088664e-01   2.0722698e+00   2.5444345e+00
  -1.6754861e-05   2.1480933e-03  -1.0206773e-01   2.1110929e+00   2.7897976e+00
  -1.7313564e-05   2.2182365e-03  -1.0550459e-01   2.1874359e+00   2.8810554e+00
  -1.7049143e-05   2.2224243e-03  -1.0727938e-01   2.2460061e+00   3.0037683e+00
  -1.9783537e-05   2.5116829e-03  -1.1772849e-01   2.3988848e+00   2.8990721e+00
  -1.7592165e-05   2.3207417e-03  -1.1319073e-01   2.3890004e+00   3.1813864e+00
  -2.0554962e-05   2.6239026e-03  -1.2360057e-01   2.5289251e+00   3.2120418e+00
  -2.0771720e-05   2.6638216e-03  -1.2615592e-01   2.5954360e+00   3.2434764e+00
  -2.0136218e-05   2.6171752e-03  -1.2577398e-01   2.6216266e+00   3.5305931e+00
  -2.1186049e-05   2.7504920e-03  -1.3153910e-01   2.7206357e+00   3.5855015e+00
  -2.2225437e-05   2.8547582e-03  -1.3575163e-01   2.8061735e+00   3.6248974e+00
  -2.3712531e-05   3.0099275e-03  -1.4141839e-01   2.8976597e+00   3.7069283e+00
  -2.4872306e-05   3.1526179e-03  -1.4740236e-01   2.9991189e+00   3.7283823e+00
  -2.4323487e-05   3.1219189e-03  -1.4810688e-01   3.0505477e+00   3.8339036e+00
  -2.4497413e-05   3.1438019e-03  -1.4931108e-01   3.0885294e+00   4.0701138e+00
  -2.5114871e-05   3.2318684e-03  -1.5381857e-01   3.1801175e+00   4.1119684e+00
  -2.5553780e-05   3.3163589e-03  -1.5854612e-01   3.2779673e+00   4.1485470e+00
  -2.6291356e-05   3.3695218e-03  -1.6002218e-01   3.3122371e+00   4.3885916e+00
  -2.7773022e-05   3.5520406e-03  -1.6790451e-01   3.4501533e+00   4.2703053e+00
  -2.6687153e-05   3.4818100e-03  -1.6752644e-01   3.4852940e+00   4.4692590e+00
  -2.8026304e-05   3.6259141e-03  -1.7321825e-01   3.5888175e+00   4.4896678e+00
  -2.9023637e-05   3.7282502e-03  -1.7719674e-01   3.6606395e+00   4.6117190e+00
  -3.0499990e-05   3.8908407e-03  -1.8327709e-01   3.7544160e+00   4.6400209e+00
  -2.9886335e-05   3.8595436e-03  -1.8406743e-01   3.8042002e+00   4.8238309e+00
