  -6.1617866e-08   1.4940670e-05  -1.3004807e-03   4.3655556e-02   2.0571509e-01
  -1.1884752e-07   2.9029734e-05  -2.5478504e-03   8.6104741e-02   4.1245450e-01
  -1.7983433e-07   4.4066950e-05  -3.8754136e-03   1.3108618e-01   6.0142102e-01
  -2.3613119e-07   5.8147019e-05  -5.1331329e-03   1.7404774e-01   8.1087307e-01
  -3.1187566e-07   7.5687013e-05  -6.5936423e-03   2.2136534e-01   9.9464569e-01
  -3.6430370e-07   8.8808009e-05  -7.7784709e-03   2.6263948e-01   1.1994614e+00
  -4.2777217e-07   1.0376150e-04  -9.0429023e-03   3.0391757e-01   1.4295773e+00
  -4.8762657e-07   1.1893991e-04  -1.0404197e-02   3.4998418e-01   1.6204779e+00
  -5.4695947e-07   1.3318622e-04  -1.1644167e-02   3.9219129e-01   1.8220361e+00
  -6.0408233e-07   1.4723474e-04  -1.2897857e-02   4.3560689e-01   2.0184527e+00
  -6.5546960e-07   1.6043379e-04  -1.4117710e-02   4.7872373e-01   2.2242454e+00
  -6.9742517e-07   1.7107696e-04  -1.5104279e-02   5.1353001e-01   2.4930188e+00
  -7.8067095e-07   1.9105910e-04  -1.6780771e-02   5.6638680e-01   2.6580909e+00
  -8.5978995e-07   2.0858814e-04  -1.8188712e-02   6.1176405e-01   2.8514529e+00
  -8.9340623e-07   2.1836267e-04  -1.9207459e-02   6.5178359e-01   3.0305363e+00
  -9.1400975e-07   2.2482221e-04  -1.9935894e-02   6.8143776e-01   3.2837415e+00
  -1.0488499e-06   2.5495425e-04  -2.2239161e-02   7.4789910e-01   3.3701793e+00
  -1.1025741e-06   2.6770299e-04  -2.3345327e-02   7.8492478e-01   3.6421941e+00
  -1.1008326e-06   2.7003459e-04  -2.3849191e-02   8.1144684e-01   3.9165281e+00
  -1.2969011e-06   3.1081285e-04  -2.6718402e-02   8.8746257e-01   3.9507702e+00
  -1.2920282e-06   3.1357842e-04  -2.7302661e-02   9.1593011e-01   4.2565041e+00
  -1.3477781e-06   3.2781378e-04  -2.8635751e-02   9.6411903e-01   4.4425291e+00
  -1.4249567e-06   3.4511490e-04  -3.0016277e-02   1.0071514e+00   4.6353829e+00
  -1.4234068e-06   3.4747491e-04  -3.0522609e-02   1.0347821e+00   4.9374434e+00
  -1.5464236e-06   3.7490351e-04  -3.2667529e-02   1.0985638e+00   5.0166016e+00
  -1.5468805e-06   3.7680329e-04  -3.3019856e-02   1.1163569e+00   5.3774204e+00
  -1.6275794e-06   3.9717744e-04  -3.4822422e-02   1.1759643e+00   5.4435799e+00
  -1.6984504e-06   4.1416980e-04  -3.6277732e-02   1.2234744e+00   5.6442890e+00
  -1.7488547e-06   4.2592632e-04  -3.7245793e-02   1.2545899e+00   5.8966145e+00
  -1.8364079e-06   4.4779254e-04  -3.9145102e-02   1.3166759e+00   6.0243498e+00
  -1.8674124e-06   4.5371930e-04  -3.9678676e-02   1.3400499e+00   6.3448709e+00
  -1.9369416e-06   4.7286947e-04  -4.1411183e-02   1.3967569e+00   6.4178882e+00
  -2.0145997e-06   4.9168494e-04  -4.3045116e-02   1.4501504e+00   6.6263391e+00
  -2.1350844e-06   5.1603540e-04  -4.4768618e-02   1.4967152e+00   6.8569920e+00
  -2.1690785e-06   5.2467283e-04  -4.5535608e-02   1.5238844e+00   7.1183734e+00
  -2.1602015e-06   5.2595368e-04  -4.6009741e-02   1.5504490e+00   7.4243429e+00
  -2.2052277e-06   5.3727050e-04  -4.7091711e-02   1.5926908e+00   7.6091884e+00
  -2.2667016e-06   5.5413521e-04  -4.8703513e-02   1.6498908e+00   7.6659204e+00
  -2.3291814e-06   5.7053878e-04  -5.0130402e-02   1.6938277e+00   7.9551510e+00
  -2.3716713e-06   5.7898566e-04  -5.0903033e-02   1.7269698e+00   8.1727157e+00
  -2.4330691e-06   5.9393510e-04  -5.2135458e-02   1.7626305e+00   8.4612395e+00
  -2.4772676e-06   6.0823761e-04  -5.3704858e-02   1.8256235e+00   8.4888235e+00
  -2.5509836e-06   6.2586982e-04  -5.5119606e-02   1.8669326e+00   8.7165109e+00
  -2.5926544e-06   6.3671254e-04  -5.6146863e-02   1.9034914e+00   8.9817260e+00
  -2.7992108e-06   6.7714807e-04  -5.8800043e-02   1.9696287e+00   9.1438220e+00
  -2.7574992e-06   6.7612218e-04  -5.9472965e-02   2.0088866e+00   9.3845960e+00
  -2.7920751e-06   6.8015983e-04  -5.9639155e-02   2.0188881e+00   9.6770832e+00
  -2.8122571e-06   6.8634068e-04  -6.0377274e-02   2.0505275e+00   9.9348349e+00
  -2.9336028e-06   7.1753332e-04  -6.3000825e-02   2.1291981e+00   9.8801195e+00
  -3.0527786e-06   7.4067719e-04  -6.4531713e-02   2.1663693e+00   1.0272628e+01
  -3.0093730e-06   7.4066785e-04  -6.5396318e-02   2.2179928e+00   1.0325909e+01
  -3.0882862e-06   7.5472730e-04  -6.6263447e-02   2.2416456e+00   1.0703117e+01
  -3.1267889e-06   7.6909604e-04  -6.7919702e-02   2.3030842e+00   1.0746232e+01
  -3.1415742e-06   7.7511716e-04  -6.8669585e-02   2.3354727e+00   1.0957602e+01
  -3.3318182e-06   8.1318559e-04  -7.1236334e-02   2.3993972e+00   1.1218204e+01
  -3.3073446e-06   8.0700227e-04  -7.0828611e-02   2.3975298e+00   1.1563410e+01
  -3.5131274e-06   8.5369455e-04  -7.4417675e-02   2.5004632e+00   1.1450596e+01
  -3.4512471e-06   8.4453545e-04  -7.4259585e-02   2.5141862e+00   1.1818977e+01
  -3.4956970e-06   8.5888069e-04  -7.5682084e-02   2.5632175e+00   1.1944997e+01
  -3.5043380e-06   8.6567381e-04  -7.6724901e-02   2.6099373e+00   1.2060816e+01
  -3.5315398e-06   8.6548998e-04  -7.6460366e-02   2.6058082e+00   1.2596851e+01
  -3.8435751e-06   9.3751209e-04  -8.1938795e-02   2.7539083e+00   1.2261029e+01
  -3.8684625e-06   9.3648010e-04  -8.1501695e-02   2.7385461e+00   1.2856737e+01
  -3.6848774e-06   9.0673665e-04  -8.0329877e-02   2.7390808e+00   1.3169563e+01
  -3.8346798e-06   9.3699359e-04  -8.2412765e-02   2.7961193e+00   1.3287892e+01
  -4.0057573e-06   9.7577525e-04  -8.5363918e-02   2.8775959e+00   1.3352071e+01
  -3.9401254e-06   9.6908940e-04  -8.5544405e-02   2.9013611e+00   1.3630184e+01
  -4.0835415e-06   9.9572875e-04  -8.7190704e-02   2.9430373e+00   1.3866556e+01
  -4.2857396e-06   1.0401331e-03  -9.0490913e-02   3.0295957e+00   1.3927856e+01
  -4.1119252e-06   1.0058513e-03  -8.8474107e-02   2.9990572e+00   1.4409176e+01
  -4.3870715e-06   1.0674928e-03  -9.3180907e-02   3.1318378e+00   1.4153866e+01
  -4.4492522e-06   1.0758033e-03  -9.3473675e-02   3.1384434e+00   1.4602217e+01
  -4.3785520e-06   1.0655279e-03  -9.3294564e-02   3.1527024e+00   1.4961434e+01
  -4.3455570e-06   1.0641935e-03  -9.3778456e-02   3.1833273e+00   1.5201750e+01
  -4.4695275e-06   1.0936579e-03  -9.6098440e-02   3.2497520e+00   1.5320637e+01
  -4.6778330e-06   1.1352906e-03  -9.8946646e-02   3.3221123e+00   1.5433346e+01
  -4.8274060e-06   1.1685945e-03  -1.0151035e-01   3.3969136e+00   1.5479081e+01
  -4.6848051e-06   1.1402551e-03  -9.9833946e-02   3.3689705e+00   1.5981619e+01
  -4.6257042e-06   1.1343383e-03  -9.9979692e-02   3.3901081e+00   1.6267251e+01
  -4.6821536e-06   1.1536110e-03  -1.0204967e-01   3.4718687e+00   1.6115044e+01
  -4.8759720e-06   1.1885098e-03  -1.0410216e-01   3.5131818e+00   1.6424004e+01
  -4.8403615e-06   1.1882190e-03  -1.0486772e-01   3.5605288e+00   1.6582302e+01
  -4.9736011e-06   1.2146621e-03  -1.0645351e-01   3.5915978e+00   1.7018239e+01
  -4.7383551e-06   1.1740539e-03  -1.0461028e-01   3.5803176e+00   1.7342201e+01
  -5.0031621e-06   1.2292302e-03  -1.0847651e-01   3.6827537e+00   1.7274774e+01
  -5.0907360e-06   1.2482393e-03  -1.0991655e-01   3.7230845e+00   1.7494294e+01
  -5.4966209e-06   1.3226718e-03  -1.1436767e-01   3.8258816e+00   1.7342347e+01
  -5.2921268e-06   1.2887599e-03  -1.1291511e-01   3.8155293e+00   1.7821314e+01
  -5.3633246e-06   1.3040835e-03  -1.1403291e-01   3.8475697e+00   1.8265545e+01
  -5.5474634e-06   1.3425363e-03  -1.1687089e-01   3.9286280e+00   1.8283918e+01
  -5.3113563e-06   1.3025280e-03  -1.1491643e-01   3.9070653e+00   1.8646603e+01
  -5.5781508e-06   1.3536992e-03  -1.1809105e-01   3.9752286e+00   1.9006873e+01
  -5.7986403e-06   1.4023052e-03  -1.2172689e-01   4.0735180e+00   1.8881292e+01
  -5.8270372e-06   1.4154756e-03  -1.2335250e-01   4.1400981e+00   1.8712600e+01
  -5.8554744e-06   1.4248728e-03  -1.2431570e-01   4.1710417e+00   1.9129479e+01
  -5.7759013e-06   1.4057031e-03  -1.2312470e-01   4.1613034e+00   1.9494779e+01
  -6.1090217e-06   1.4769084e-03  -1.2813937e-01   4.2853174e+00   1.9213951e+01
  -5.8760590e-06   1.4341391e-03  -1.2568686e-01   4.2419214e+00   1.9945222e+01
  -6.0960059e-06   1.4752419e-03  -1.2830813e-01   4.3051601e+00   2.0101506e+01
  -6.1354579e-06   1.5001991e-03  -1.3137109e-01   4.4152847e+00   2.0051487e+01
