  -7.1251268e-07   9.0345354e-05  -4.1495176e-03   7.9056125e-02   2.1383895e-01
  -1.4610664e-06   1.8372090e-04  -8.3789107e-03   1.5876604e-01   4.2942871e-01
  -2.3392821e-06   2.8993614e-04  -1.3006737e-02   2.4281087e-01   6.2893985e-01
  -3.3783146e-06   4.1680554e-04  -1.8486668e-02   3.3864180e-01   7.9400370e-01
  -4.0038507e-06   4.9539457e-04  -2.2145150e-02   4.1062982e-01   1.0299507e+00
  -4.6729273e-06   5.8329092e-04  -2.6284882e-02   4.9119220e-01   1.2314535e+00
  -5.5512477e-06   6.9066847e-04  -3.1028636e-02   5.7764696e-01   1.4164587e+00
  -6.2608399e-06   7.8361552e-04  -3.5352356e-02   6.5914898e-01   1.6330747e+00
  -6.8676102e-06   8.6363671e-04  -3.9229936e-02   7.3800437e-01   1.8266601e+00
  -7.8024697e-06   9.7573189e-04  -4.3996844e-02   8.2143694e-01   2.0387150e+00
  -8.4144586e-06   1.0541228e-03  -4.7682333e-02   8.9366348e-01   2.2889684e+00
  -9.1799065e-06   1.1460161e-03  -5.1790723e-02   9.7244623e-01   2.5120213e+00
  -1.0379862e-05   1.2884956e-03  -5.7722699e-02   1.0723953e+00   2.6467642e+00
  -1.0861545e-05   1.3599866e-03  -6.1304314e-02   1.1417679e+00   2.9229022e+00
  -1.1582618e-05   1.4452080e-03  -6.5186388e-02   1.2203630e+00   3.1086611e+00
  -1.2301165e-05   1.5377313e-03  -6.9468794e-02   1.3007392e+00   3.3191650e+00
  -1.2911530e-05   1.6219817e-03  -7.3527042e-02   1.3792435e+00   3.5241067e+00
  -1.4136522e-05   1.7669828e-03  -7.9607533e-02   1.4829457e+00   3.6687391e+00
  -1.4317849e-05   1.7892159e-03  -8.1170884e-02   1.5333848e+00   3.9084505e+00
  -1.5326239e-05   1.9178574e-03  -8.6724551e-02   1.6265297e+00   4.1325115e+00
  -1.7163643e-05   2.1220384e-03  -9.4662868e-02   1.7501617e+00   4.2153065e+00
  -1.6891905e-05   2.1148762e-03  -9.5693372e-02   1.7954096e+00   4.5128597e+00
  -1.7881380e-05   2.2334606e-03  -1.0072503e-01   1.8833170e+00   4.7215917e+00
  -1.8755576e-05   2.3301603e-03  -1.0480523e-01   1.9610654e+00   4.8960190e+00
  -2.0193731e-05   2.5055694e-03  -1.1217677e-01   2.0813604e+00   5.0308330e+00
  -2.0437245e-05   2.5462952e-03  -1.1452897e-01   2.1360650e+00   5.3024022e+00
  -2.1526047e-05   2.6723424e-03  -1.1983037e-01   2.2289529e+00   5.4745909e+00
  -2.1792309e-05   2.7081986e-03  -1.2176612e-01   2.2735156e+00   5.8299074e+00
  -2.2623026e-05   2.8072963e-03  -1.2618235e-01   2.3582061e+00   6.0395534e+00
  -2.2269682e-05   2.8030097e-03  -1.2765598e-01   2.4093415e+00   6.3175853e+00
  -2.5568722e-05   3.1539231e-03  -1.4028862e-01   2.5868711e+00   6.2650326e+00
  -2.3165373e-05   2.9421734e-03  -1.3508955e-01   2.5675208e+00   6.6804803e+00
  -2.6670268e-05   3.3039073e-03  -1.4753435e-01   2.7289453e+00   6.7913400e+00
  -2.7033414e-05   3.3611898e-03  -1.5077615e-01   2.8035958e+00   6.8915954e+00
  -2.6474490e-05   3.3226183e-03  -1.5060619e-01   2.8269784e+00   7.3385678e+00
  -2.7885601e-05   3.4968144e-03  -1.5787301e-01   2.9427718e+00   7.4683084e+00
  -2.8635148e-05   3.5666046e-03  -1.6070514e-01   3.0058520e+00   7.6965453e+00
  -3.0499422e-05   3.7611697e-03  -1.6764892e-01   3.1075606e+00   7.9012154e+00
  -3.2244734e-05   3.9713220e-03  -1.7621937e-01   3.2433192e+00   7.9088615e+00
  -3.1695301e-05   3.9422006e-03  -1.7700880e-01   3.2926646e+00   8.1524470e+00
  -3.1775661e-05   3.9540307e-03  -1.7782743e-01   3.3225014e+00   8.5366808e+00
  -3.2861709e-05   4.0941761e-03  -1.8422618e-01   3.4358416e+00   8.6352571e+00
  -3.3323725e-05   4.1824546e-03  -1.8910554e-01   3.5330686e+00   8.7899720e+00
  -3.4075374e-05   4.2359345e-03  -1.9051825e-01   3.5621729e+00   9.1864143e+00
  -3.6084203e-05   4.4765193e-03  -2.0048370e-01   3.7241513e+00   9.1176704e+00
  -3.5136140e-05   4.4226344e-03  -2.0069121e-01   3.7626548e+00   9.4509518e+00
  -3.6662009e-05   4.5895378e-03  -2.0732921e-01   3.8794584e+00   9.5136187e+00
  -3.7576448e-05   4.6810087e-03  -2.1079707e-01   3.9391488e+00   9.8174593e+00
  -3.9343013e-05   4.8737125e-03  -2.1782305e-01   4.0389472e+00   9.9701871e+00
  -3.8850051e-05   4.8564492e-03  -2.1911157e-01   4.0913955e+00   1.0282896e+01
