  -3.3274877e-07   4.6372822e-05  -2.4571645e-03   6.1418052e-02   4.5699807e-02
  -6.8789781e-07   9.4858993e-05  -4.9966206e-03   1.2453331e-01   7.0755807e-02
  -9.7665375e-07   1.3611865e-04  -7.2411788e-03   1.8239689e-01   1.2999533e-01
  -1.5344778e-06   2.0603671e-04  -1.0492652e-02   2.5260289e-01   1.5551965e-01
  -1.7640172e-06   2.4218623e-04  -1.2637968e-02   3.1141102e-01   2.0713561e-01
  -2.4135350e-06   3.1989023e-04  -1.6068745e-02   3.8259849e-01   2.2305000e-01
  -2.7519570e-06   3.6275708e-04  -1.8286536e-02   4.4091829e-01   2.6845748e-01
  -3.1068036e-06   4.1631619e-04  -2.1202492e-02   5.1077390e-01   2.7415527e-01
  -3.7821404e-06   4.9356932e-04  -2.4499177e-02   5.7866714e-01   3.1752942e-01
  -3.7973631e-06   5.0394582e-04  -2.5573286e-02   6.2065410e-01   4.3731595e-01
  -4.1887283e-06   5.5621289e-04  -2.8237858e-02   6.8487449e-01   4.5211317e-01
  -4.0031785e-06   5.5928675e-04  -2.9737282e-02   7.4441326e-01   4.5448299e-01
  -4.3877487e-06   6.0882352e-04  -3.2190756e-02   8.0259689e-01   5.4211882e-01
  -5.1117262e-06   6.9452930e-04  -3.5849713e-02   8.7683985e-01   5.2963703e-01
  -6.0641192e-06   8.0236447e-04  -4.0216151e-02   9.5564582e-01   5.5168136e-01
  -6.0488031e-06   8.0960011e-04  -4.1274292e-02   1.0009231e+00   6.3288213e-01
  -6.2856243e-06   8.3836758e-04  -4.2856290e-02   1.0491351e+00   7.2959739e-01
  -7.3567052e-06   9.6199510e-04  -4.8027614e-02   1.1453980e+00   6.4639029e-01
  -7.4643971e-06   9.9156464e-04  -5.0099465e-02   1.2039518e+00   6.8161760e-01
  -8.0978249e-06   1.0493016e-03  -5.2135963e-02   1.2468764e+00   8.6312177e-01
  -8.2019757e-06   1.0842563e-03  -5.4694946e-02   1.3180422e+00   8.3129753e-01
  -9.2436941e-06   1.2064337e-03  -5.9865744e-02   1.4124729e+00   8.1012856e-01
  -8.5481398e-06   1.1456219e-03  -5.8766917e-02   1.4359583e+00   8.8311311e-01
  -9.3887556e-06   1.2535738e-03  -6.3518724e-02   1.5273605e+00   8.5553049e-01
  -9.3815575e-06   1.2496348e-03  -6.3681240e-02   1.5524548e+00   1.0029654e+00
  -9.1524024e-06   1.2540378e-03  -6.5487090e-02   1.6173867e+00   1.0242011e+00
  -1.0539954e-05   1.3856695e-03  -6.9689302e-02   1.6819545e+00   1.0925986e+00
  -1.0490537e-05   1.4104405e-03  -7.2220811e-02   1.7549436e+00   1.1362497e+00
  -9.9471652e-06   1.3663628e-03  -7.1679654e-02   1.7841301e+00   1.2097248e+00
  -1.1416102e-05   1.5272850e-03  -7.7823004e-02   1.8841662e+00   1.2019673e+00
  -1.2678128e-05   1.6586233e-03  -8.2865830e-02   1.9778300e+00   1.0849523e+00
  -1.2221474e-05   1.6269127e-03  -8.2582568e-02   2.0004222e+00   1.2800666e+00
  -1.1942855e-05   1.6232435e-03  -8.3850097e-02   2.0539681e+00   1.2986049e+00
  -1.2786101e-05   1.7093951e-03  -8.7260088e-02   2.1217438e+00   1.3351780e+00
  -1.3317828e-05   1.7725730e-03  -9.0120246e-02   2.1877624e+00   1.3765055e+00
  -1.3992374e-05   1.8623887e-03  -9.4302101e-02   2.2708628e+00   1.3876213e+00
  -1.3395195e-05   1.8051705e-03  -9.3036196e-02   2.2833510e+00   1.5610364e+00
  -1.3017352e-05   1.7972080e-03  -9.4601969e-02   2.3521622e+00   1.5169765e+00
  -1.4415572e-05   1.9442475e-03  -9.9898586e-02   2.4374786e+00   1.5498979e+00
  -1.4630611e-05   1.9740332e-03  -1.0169718e-01   2.4925266e+00   1.5735428e+00
  -1.5327194e-05   2.0522333e-03  -1.0503117e-01   2.5594402e+00   1.6503279e+00
  -1.5405168e-05   2.0744821e-03  -1.0659742e-01   2.6083557e+00   1.7356282e+00
  -1.6353042e-05   2.1757587e-03  -1.1060778e-01   2.6846657e+00   1.7371294e+00
  -1.7642870e-05   2.3516099e-03  -1.1879921e-01   2.8334947e+00   1.4836888e+00
  -1.7159682e-05   2.2828466e-03  -1.1578661e-01   2.8009655e+00   1.9078745e+00
  -1.5129324e-05   2.1206196e-03  -1.1281924e-01   2.8245216e+00   1.9285899e+00
  -1.7856139e-05   2.3950657e-03  -1.2218701e-01   2.9574533e+00   1.8094751e+00
  -1.5945316e-05   2.2067941e-03  -1.1689429e-01   2.9333913e+00   2.0208006e+00
  -1.9032736e-05   2.5271804e-03  -1.2787996e-01   3.0827059e+00   1.9356916e+00
  -1.7410273e-05   2.3856843e-03  -1.2442920e-01   3.0778186e+00   2.0901054e+00
